[1, 1, 1, 0, 0, 0, 0, 0, 0, 0, 0, 0, 0, 0, 0]
[1, 1, 0, 0, 1, 0, 0, 0, 0, 0, 0, 0, 0, 0, 0]
[1, 0, 1, 0, 1, 0, 0, 0, 0, 0, 0, 0, 0, 0, 0]
[0, 0, 0, 1, 0, 0, 1, 1, 0, 0, 0, 0, 0, 0, 0]
[0, 1, 1, 0, 1, 0, 0, 0, 0, 0, 0, 0, 0, 0, 0]
[0, 0, 0, 0, 0, 1, 1, 1, 0, 0, 0, 0, 0, 0, 0]
[0, 0, 0, 1, 0, 1, 1, 0, 0, 0, 0, 0, 0, 0, 0]
[0, 0, 0, 1, 0, 1, 0, 1, 0, 0, 0, 0, 0, 0, 0]
[0, 0, 0, 0, 0, 0, 0, 0, 1, 1, 0, 0, 0, 0, 1]
[0, 0, 0, 0, 0, 0, 0, 0, 1, 1, 1, 0, 0, 0, 0]
[0, 0, 0, 0, 0, 0, 0, 0, 0, 1, 1, 1, 0, 1, 0]
[0, 0, 0, 0, 0, 0, 0, 0, 0, 0, 1, 1, 1, 1, 0]
[0, 0, 0, 0, 0, 0, 0, 0, 0, 0, 0, 1, 1, 1, 1]
[0, 0, 0, 0, 0, 0, 0, 0, 0, 0, 1, 1, 1, 1, 1]
[0, 0, 0, 0, 0, 0, 0, 0, 1, 0, 0, 0, 1, 1, 1]
Moved from LINE:0 to SPLINE:1
Common point: ((2537.977771696958, 596.1302354102878), 1)
Moved from SPLINE:1 to LINE:4
Common point: ((2537.977771696958, 601.6302354102878, 0.0), 9)
Moved from LINE:4 to SPLINE:2
Common point: ((2532.971182127336, 601.6302354102878), 1)
Moved from SPLINE:3 to LINE:6
Common point: ((2293.309139571983, 596.1302354102876, 0.0), 0)
Moved from LINE:6 to SPLINE:5
Common point: ((2288.302550002361, 596.1302354102876), 0)
Moved from SPLINE:5 to LINE:7
Common point: ((2288.302550002361, 601.6302354102877, 0.0), 0)
Moved from LINE:8 to LINE:9
Common point: ((2657.808792974634, 498.8802354102878), 0)
Moved from LINE:9 to LINE:10
Common point: ((2657.808792974634, 613.8802354102878), 0)
Moved from LINE:10 to SPLINE:11
Common point: ((504.8100208715961, 613.8802354102872), 0)
Moved from SPLINE:11 to SPLINE:12
Common point: ((504.8010359060602, 613.8802354102872, 0.0), 3)
Moved from SPLINE:12 to SPLINE:13
Common point: ((501.8060563656379, 610.8802354102872, 0.0), 9)
Moved from SPLINE:13 to LINE:14
Common point: ((501.8060563656379, 610.8802354102872, 0.0), 0)

DETAILS OF ASSETS/5.DXF
Total laser cut length: 4601.698744322108
Number of cut-ins: 3
Number of turns: 0
		
